0.786 
0.748 
0.741 
0.747 
0.757 
0.760 
0.762 
0.779 
0.799 
0.795 
0.805 
0.760 
0.693 
0.764 
0.790 
0.802 
0.789 
0.817 
0.757 
0.785 
0.717 
0.737 
0.782 
0.777 
0.823 
0.820 
0.806 
0.817 
0.836 
0.775 
0.815 
0.814 
0.796 
0.827 
0.835 
0.807 
0.860 
0.839 
0.831 
0.809 
0.864 
0.830 
0.859 
0.861 
0.808 
0.846 
0.855 
0.849 
0.842 
0.854 
0.866 
0.850 
0.834 
0.867 
0.858 
0.853 
0.867 
0.877 
0.871 
0.864 
0.860 
0.865 
0.871 
0.874 
0.846 
0.872 
0.872 
0.868 
0.890 
0.869 
0.856 
0.860 
0.877 
0.870 
0.857 
0.866 
0.877 
0.882 
0.888 
0.880 
0.879 
0.882 
0.870 
0.872 
0.888 
0.904 
0.869 
0.885 
0.884 
0.890 
0.908 
0.912 
0.893 
0.868 
0.886 
0.900 
0.907 
0.913 
0.898 
0.864 
0.923 
0.915 
0.878 
0.914 
0.898 
0.887 
0.924 
0.898 
0.915 
0.920 
0.922 
0.915 
0.911 
0.924 
0.922 
0.922 
0.905 
0.900 
0.917 
0.892 
0.918 
0.926 
0.927 
0.920 
0.919 
0.906 
0.907 
0.906 
0.902 
0.897 
0.907 
0.912 
0.916 
0.925 
0.914 
0.908 
0.929 
0.922 
0.923 
0.899 
0.899 
0.912 
0.926 
0.912 
0.925 
0.917 
0.916 
0.904 
0.906 
0.921 
0.934 
0.916 
0.916 
0.935 
0.915 
0.933 
0.928 
0.911 
0.920 
0.917 
0.914 
0.927 
0.943 
0.938 
0.916 
0.917 
0.903 
0.928 
0.935 
0.928 
0.933 
0.930 
0.938 
0.935 
0.942 
0.939 
0.944 
0.925 
0.923 
0.936 
0.924 
0.897 
0.938 
0.927 
0.934 
0.933 
0.934 
0.933 
0.944 
0.934 
0.931 
0.931 
0.937 
0.927 
0.936 
0.937 
0.929 
0.940 
0.935 
0.925 
0.923 
0.920 
0.930 
0.938 
0.938 
0.931 
0.947 
0.927 
0.935 
0.933 
0.941 
0.944 
0.947 
0.948 
0.943 
0.929 
0.938 
0.939 
0.933 
0.938 
0.938 
0.943 
0.952 
0.929 
0.946 
0.949 
0.936 
0.944 
0.950 
0.953 
0.956 
0.950 
0.950 
0.947 
0.957 
0.955 
0.951 
0.960 
0.949 
0.939 
0.943 
0.934 
0.933 
0.945 
0.951 
0.938 
0.934 
0.947 
0.950 
0.954 
0.939 
0.947 
0.951 
0.946 
0.953 
0.955 
0.946 
0.945 
0.937 
0.946 
0.950 
0.947 
0.946 
0.940 
0.946 
0.935 
0.953 
0.936 
0.937 
0.939 
0.951 
0.938 
0.954 
0.948 
0.938 
0.941 
0.939 
0.944 
0.943 
0.933 
0.941 
0.955 
0.941 
0.946 
0.949 
0.942 
0.934 
0.940 
0.953 
0.935 
0.935 
0.944 
0.948 
0.928 
0.945 
0.949 
0.945 
0.944 
0.940 
0.940 
0.945 
0.952 
0.952 
0.940 
0.953 
0.947 
0.943 
0.941 
0.944 
0.947 
0.949 
0.944 
0.946 
0.945 
0.945 
0.941 
0.949 
0.954 
0.953 
0.950 
0.956 
0.938 
0.946 
0.950 
0.946 
0.957 
0.954 
0.955 
0.955 
0.945 
0.947 
0.949 
0.948 
0.945 
0.947 
0.948 
0.957 
0.957 
0.956 
0.949 
0.954 
0.951 
0.953 
0.954 
0.949 
0.952 
0.950 
0.956 
0.951 
0.955 
0.953 
0.955 
0.951 
0.956 
0.952 
0.951 
0.956 
0.947 
0.946 
0.949 
0.956 
0.963 
0.944 
0.957 
0.954 
0.965 
0.953 
0.954 
0.957 
0.951 
0.955 
0.962 
0.950 
0.957 
0.957 
0.966 
0.950 
0.956 
0.938 
0.950 
0.962 
0.969 
0.959 
0.954 
0.957 
0.935 
0.941 
0.947 
0.953 
0.951 
0.957 
0.952 
0.945 
0.954 
0.945 
0.952 
0.953 
0.946 
0.950 
0.950 
0.944 
0.931 
0.946 
0.954 
0.945 
0.939 
0.956 
0.958 
0.948 
0.941 
0.943 
0.947 
0.949 
0.948 
0.941 
0.946 
0.947 
0.954 
0.958 
0.962 
0.949 
0.962 
0.949 
0.961 
0.963 
0.958 
0.949 
0.950 
0.951 
0.956 
0.955 
0.955 
0.941 
0.947 
0.961 
0.959 
0.951 
0.965 
0.962 
0.957 
0.959 
0.957 
0.962 
0.964 
0.957 
0.953 
0.959 
0.954 
0.955 
0.952 
0.958 
0.935 
0.936 
0.921 
0.947 
0.938 
0.947 
0.939 
0.950 
0.953 
0.951 
0.944 
0.948 
0.947 
0.949 
0.947 
0.939 
0.953 
0.940 
0.938 
0.944 
0.946 
0.952 
0.950 
0.958 
0.961 
0.964 
0.954 
0.950 
0.944 
0.959 
0.964 
0.964 
0.963 
0.962 
0.945 
0.954 
0.956 
0.960 
0.945 
0.948 
0.945 
0.950 
0.958 
0.949 
0.965 
0.951 
0.960 
0.954 
0.958 
0.945 
0.943 
0.961 
0.951 
0.955 
0.951 
0.952 
0.955 
0.956 
0.954 
0.945 
0.947 
0.959 
0.959 
0.956 
0.953 
0.937 
0.949 
0.954 
0.938 
0.938 
0.939 
0.952 
0.959 
0.954 
0.958 
0.960 
0.963 
0.959 
0.943 
0.947 
0.959 
0.945 
0.953 
0.950 
0.955 
0.940 
0.948 
0.957 
0.950 
0.954 
0.953 
0.956 
0.941 
0.953 
0.951 
0.942 
0.953 
0.939 
0.948 
0.941 
0.952 
0.952 
0.946 
0.950 
0.955 
0.955 
0.951 
0.958 
0.956 
0.962 
0.955 
0.950 
0.954 
0.948 
0.943 
0.917 
0.933 
0.947 
0.953 
0.954 
0.937 
0.944 
0.945 
0.955 
0.949 
0.954 
0.958 
0.956 
0.943 
0.944 
0.951 
