0.431 
0.498 
0.553 
0.575 
0.599 
0.606 
0.602 
0.586 
0.551 
0.544 
0.552 
0.542 
0.547 
0.562 
0.515 
0.549 
0.552 
0.538 
0.537 
0.543 
0.548 
0.599 
0.601 
0.581 
0.630 
0.657 
0.667 
0.686 
0.669 
0.684 
0.716 
0.641 
0.770 
0.721 
0.770 
0.735 
0.794 
0.767 
0.740 
0.778 
0.741 
0.753 
0.767 
0.781 
0.776 
0.756 
0.779 
0.743 
0.776 
0.785 
0.767 
0.692 
0.765 
0.775 
0.746 
0.757 
0.786 
0.757 
0.756 
0.742 
0.744 
0.751 
0.758 
0.760 
0.772 
0.766 
0.799 
0.796 
0.752 
0.785 
0.786 
0.800 
0.784 
0.764 
0.796 
0.767 
0.773 
0.763 
0.778 
0.780 
0.804 
0.783 
0.786 
0.755 
0.778 
0.781 
0.794 
0.801 
0.775 
0.786 
0.799 
0.792 
0.814 
0.793 
0.795 
0.786 
0.804 
0.765 
0.796 
0.789 
0.793 
0.776 
0.795 
0.816 
0.810 
0.803 
0.791 
0.792 
0.797 
0.796 
0.793 
0.793 
0.794 
0.789 
0.803 
0.802 
0.797 
0.793 
0.785 
0.795 
0.783 
0.788 
0.776 
0.776 
0.799 
0.785 
0.769 
0.773 
0.792 
0.764 
0.775 
0.786 
0.772 
0.774 
0.777 
0.798 
0.795 
0.778 
0.776 
0.800 
0.781 
0.802 
0.784 
0.771 
0.772 
0.779 
0.790 
0.773 
0.794 
0.773 
0.778 
0.786 
0.790 
0.795 
