0.639 
0.645 
0.655 
0.661 
0.671 
0.691 
0.698 
0.701 
0.707 
0.712 
0.706 
0.712 
0.715 
0.721 
0.709 
0.706 
0.728 
0.715 
0.704 
0.715 
0.726 
0.715 
0.728 
0.736 
0.732 
0.705 
0.736 
0.736 
0.730 
0.734 
0.729 
0.741 
0.708 
0.735 
0.723 
0.714 
0.724 
0.723 
0.730 
0.732 
0.743 
0.740 
0.735 
0.730 
0.751 
0.751 
0.740 
0.735 
0.733 
0.743 
0.747 
0.745 
0.744 
0.729 
0.748 
0.747 
0.744 
0.753 
0.741 
0.749 
0.747 
0.744 
0.756 
0.755 
0.755 
0.758 
0.750 
0.763 
0.745 
0.757 
0.765 
0.751 
0.765 
0.769 
0.758 
0.760 
0.756 
0.752 
0.761 
0.758 
0.757 
0.737 
0.749 
0.758 
0.753 
0.761 
0.763 
0.764 
0.761 
0.765 
0.753 
0.758 
0.763 
0.752 
0.759 
0.758 
0.769 
0.769 
0.785 
0.765 
0.781 
0.773 
0.772 
0.775 
0.761 
0.756 
0.771 
0.773 
0.767 
0.769 
0.768 
0.759 
0.768 
0.762 
0.770 
0.768 
0.758 
0.771 
0.771 
0.776 
0.768 
0.759 
0.760 
0.768 
0.751 
0.762 
0.764 
0.768 
0.765 
0.772 
0.771 
0.772 
0.762 
0.777 
0.782 
0.785 
0.766 
0.769 
0.782 
0.779 
0.775 
0.771 
0.782 
0.780 
0.778 
0.787 
0.771 
0.772 
0.781 
0.773 
0.784 
0.785 
0.784 
0.783 
0.782 
0.787 
0.790 
0.782 
0.783 
0.789 
0.780 
0.785 
0.780 
0.774 
0.784 
0.780 
0.772 
0.777 
0.778 
0.768 
0.774 
0.786 
0.773 
0.780 
0.769 
0.770 
0.772 
0.791 
0.787 
0.791 
0.775 
0.770 
0.777 
0.779 
0.781 
0.774 
0.778 
0.765 
0.766 
0.782 
0.784 
0.773 
0.769 
0.771 
0.779 
0.768 
0.778 
0.779 
0.785 
0.774 
0.775 
0.773 
0.773 
0.763 
0.775 
0.765 
0.777 
0.768 
0.770 
0.777 
0.775 
0.772 
0.777 
0.768 
0.768 
0.778 
0.770 
0.793 
0.795 
0.798 
0.796 
0.797 
0.792 
0.798 
0.790 
0.794 
0.801 
0.780 
0.792 
0.795 
0.791 
0.783 
0.767 
0.779 
0.778 
0.784 
0.786 
0.794 
0.788 
0.788 
0.801 
0.787 
0.790 
0.795 
0.791 
0.784 
0.796 
0.795 
0.786 
0.791 
0.789 
0.784 
0.795 
0.798 
0.792 
0.796 
0.788 
0.796 
0.788 
0.800 
0.801 
0.795 
0.792 
0.795 
0.799 
0.799 
0.787 
0.792 
0.789 
0.795 
0.796 
0.794 
0.808 
0.798 
0.798 
0.790 
0.784 
0.786 
0.792 
0.795 
0.773 
0.784 
0.779 
0.787 
0.793 
0.804 
0.796 
0.797 
0.798 
0.797 
0.807 
0.803 
0.804 
0.792 
0.800 
0.802 
0.793 
0.794 
0.790 
0.791 
0.797 
0.807 
0.798 
0.811 
0.808 
0.803 
0.809 
0.804 
0.802 
0.802 
0.792 
0.785 
0.796 
0.803 
0.799 
0.803 
0.797 
0.796 
0.800 
0.796 
0.805 
0.790 
0.797 
0.791 
0.804 
0.805 
0.809 
0.811 
0.815 
0.808 
0.792 
0.797 
0.796 
0.803 
0.800 
0.797 
0.799 
0.800 
0.800 
0.795 
0.815 
0.809 
0.809 
0.803 
0.808 
0.809 
0.802 
0.816 
0.818 
0.813 
0.807 
0.807 
0.802 
0.803 
0.798 
0.795 
0.800 
0.799 
0.805 
0.811 
0.806 
0.801 
0.806 
0.804 
0.813 
0.808 
0.807 
0.810 
0.800 
0.806 
0.812 
0.798 
0.813 
0.804 
0.815 
0.817 
0.000 
0.000 
0.000 
0.000 
0.000 
0.000 
0.000 
0.000 
0.000 
0.000 
0.000 
0.000 
0.000 
0.000 
0.000 
0.000 
0.000 
0.000 
0.000 
0.000 
0.000 
0.000 
0.000 
0.000 
0.000 
0.000 
0.000 
0.000 
0.000 
0.000 
0.000 
0.000 
0.000 
0.000 
0.000 
0.000 
0.000 
0.000 
0.000 
0.000 
0.000 
0.000 
0.000 
0.000 
0.000 
0.000 
0.000 
0.000 
0.000 
0.000 
0.000 
0.000 
0.000 
0.000 
0.000 
0.000 
0.000 
0.000 
0.000 
0.000 
0.000 
0.000 
0.000 
0.000 
0.000 
0.000 
0.000 
0.000 
0.000 
0.000 
0.000 
0.000 
0.000 
