0.526 
0.531 
0.529 
0.537 
0.542 
0.539 
0.539 
0.542 
0.541 
0.537 
0.546 
0.547 
0.548 
0.542 
0.557 
0.551 
0.553 
0.553 
0.553 
0.553 
0.549 
0.551 
0.550 
0.552 
0.552 
0.553 
0.552 
0.553 
0.554 
0.554 
0.554 
0.553 
0.553 
0.557 
0.557 
0.553 
0.558 
0.554 
0.556 
0.556 
0.559 
0.557 
0.558 
0.555 
0.557 
0.553 
0.554 
0.556 
0.560 
0.557 
0.560 
0.556 
0.561 
0.560 
0.563 
0.565 
0.562 
0.565 
0.567 
0.565 
0.563 
0.562 
0.563 
0.568 
0.572 
0.578 
0.569 
0.575 
0.577 
0.571 
0.575 
0.573 
0.573 
0.571 
0.560 
0.567 
0.564 
0.561 
0.560 
0.560 
0.569 
0.564 
0.556 
0.563 
0.554 
0.556 
0.560 
0.550 
0.553 
0.562 
0.556 
0.566 
0.560 
0.561 
0.552 
0.552 
0.555 
0.563 
0.558 
0.553 
0.559 
0.554 
0.559 
0.551 
0.559 
0.556 
0.553 
0.552 
0.552 
0.557 
0.555 
0.552 
0.558 
0.555 
0.560 
0.564 
0.560 
0.556 
0.550 
0.560 
0.557 
0.563 
0.558 
0.553 
0.559 
0.553 
0.553 
0.550 
0.549 
0.553 
0.561 
0.560 
0.556 
0.560 
0.559 
0.556 
0.560 
0.556 
0.550 
0.552 
0.553 
0.551 
0.553 
0.559 
0.559 
0.559 
0.566 
0.562 
0.563 
0.555 
0.558 
0.563 
0.560 
0.561 
0.559 
0.560 
0.563 
0.565 
0.563 
0.558 
0.559 
0.553 
0.559 
0.560 
0.557 
0.563 
0.559 
0.564 
0.566 
0.567 
0.567 
0.571 
0.568 
0.568 
0.572 
0.568 
0.573 
0.570 
0.567 
0.571 
0.566 
0.569 
0.579 
0.577 
0.576 
0.565 
0.574 
0.575 
0.578 
0.569 
0.560 
0.569 
0.577 
0.578 
0.582 
0.586 
0.584 
0.583 
0.585 
0.582 
0.582 
0.581 
0.584 
0.581 
0.583 
0.576 
0.585 
0.573 
0.588 
0.581 
0.581 
0.580 
0.569 
0.581 
0.578 
0.578 
0.573 
0.573 
0.576 
0.584 
0.581 
0.582 
0.573 
0.577 
0.573 
0.575 
0.583 
0.581 
0.576 
0.573 
0.580 
0.585 
0.580 
0.585 
0.582 
0.581 
0.585 
0.582 
0.582 
0.581 
0.578 
0.576 
0.569 
0.581 
0.589 
0.578 
0.570 
0.574 
0.577 
0.579 
0.575 
0.567 
0.566 
0.582 
0.577 
0.583 
0.580 
0.573 
0.580 
0.582 
0.583 
0.579 
0.575 
0.579 
0.580 
0.589 
0.586 
0.576 
0.594 
0.587 
0.587 
0.594 
0.592 
0.592 
0.591 
0.589 
0.591 
0.599 
0.601 
0.600 
0.595 
0.600 
0.603 
0.594 
0.595 
0.594 
0.592 
0.597 
0.596 
0.594 
0.600 
0.592 
0.590 
0.598 
0.598 
0.599 
0.599 
0.601 
0.596 
0.598 
0.592 
0.580 
0.588 
0.590 
0.590 
0.583 
0.590 
0.597 
0.592 
0.593 
0.599 
0.597 
0.596 
0.598 
0.603 
0.599 
0.601 
0.599 
0.604 
0.602 
0.597 
0.599 
0.595 
0.604 
0.610 
0.604 
0.602 
0.593 
0.590 
0.581 
0.597 
0.603 
0.598 
0.590 
0.594 
0.597 
0.596 
0.599 
0.588 
0.590 
0.605 
0.600 
0.594 
0.598 
0.599 
0.600 
0.601 
0.596 
0.597 
0.598 
0.594 
0.598 
0.601 
0.602 
0.604 
0.599 
0.596 
0.601 
0.604 
0.599 
0.607 
0.605 
0.595 
0.596 
0.600 
0.606 
0.600 
0.602 
0.608 
0.609 
0.604 
0.608 
0.613 
0.606 
0.601 
0.602 
0.604 
0.600 
0.606 
0.601 
0.605 
0.604 
0.604 
0.591 
0.600 
0.598 
0.600 
0.605 
0.607 
0.607 
0.606 
0.606 
0.614 
0.609 
0.605 
0.604 
0.611 
0.608 
0.611 
0.613 
0.609 
0.603 
0.605 
0.607 
0.614 
0.617 
0.622 
0.616 
0.611 
0.614 
0.615 
0.612 
0.605 
0.602 
0.606 
0.602 
0.608 
0.615 
0.613 
0.612 
0.612 
0.610 
0.612 
0.615 
0.613 
0.614 
0.612 
0.617 
0.613 
0.611 
0.614 
0.612 
0.614 
0.609 
0.616 
0.613 
0.621 
0.612 
0.619 
0.625 
0.618 
0.618 
0.622 
0.621 
0.622 
0.625 
0.627 
0.621 
0.623 
0.626 
0.623 
0.615 
0.613 
0.614 
0.610 
0.611 
0.618 
0.611 
0.613 
0.612 
0.618 
0.623 
0.621 
0.619 
0.615 
0.621 
0.618 
0.618 
0.617 
0.619 
0.627 
0.625 
0.623 
0.623 
0.614 
0.624 
0.626 
0.622 
0.617 
0.625 
0.626 
0.626 
0.620 
0.621 
0.624 
0.622 
0.622 
0.620 
0.615 
0.614 
0.613 
0.625 
0.622 
0.618 
0.614 
0.617 
0.608 
0.614 
0.617 
0.613 
0.612 
0.609 
0.621 
0.617 
0.613 
0.615 
0.616 
0.612 
0.612 
0.617 
0.619 
0.622 
0.613 
0.623 
0.626 
0.625 
0.622 
0.624 
0.625 
0.620 
0.616 
0.623 
0.621 
0.624 
0.624 
0.622 
0.621 
0.626 
0.622 
0.619 
0.618 
0.620 
0.626 
0.623 
0.626 
0.627 
0.623 
0.627 
0.623 
0.617 
0.617 
0.618 
0.618 
0.616 
0.623 
0.623 
0.615 
0.628 
0.624 
0.618 
0.617 
0.623 
0.614 
0.617 
0.620 
0.620 
0.625 
0.622 
0.613 
0.618 
0.626 
0.622 
0.629 
0.621 
0.624 
0.622 
0.615 
0.617 
0.610 
0.621 
0.613 
0.612 
0.615 
0.616 
0.618 
0.620 
0.623 
0.619 
0.619 
0.623 
0.624 
0.624 
0.618 
0.611 
0.616 
0.617 
0.614 
0.617 
0.618 
0.625 
0.626 
0.623 
0.618 
0.618 
0.620 
0.619 
0.619 
0.618 
0.621 
0.621 
0.623 
0.622 
0.624 
0.617 
0.619 
0.623 
0.616 
0.620 
0.621 
0.616 
0.618 
0.618 
0.617 
0.621 
0.618 
0.613 
0.611 
0.615 
0.621 
0.611 
0.622 
0.618 
0.612 
0.615 
0.614 
0.612 
0.610 
0.613 
0.614 
0.618 
0.621 
0.614 
0.614 
0.613 
0.617 
0.614 
0.614 
0.615 
0.605 
0.608 
0.614 
0.609 
0.609 
0.607 
0.613 
0.605 
0.600 
0.604 
0.607 
0.598 
0.601 
0.602 
0.607 
0.612 
0.610 
0.608 
0.611 
0.612 
0.607 
0.606 
0.610 
0.609 
0.612 
0.616 
0.607 
0.614 
0.611 
0.610 
0.615 
0.617 
0.615 
0.616 
0.612 
0.615 
0.609 
0.615 
0.616 
0.623 
0.621 
0.612 
0.619 
0.621 
0.613 
0.620 
0.614 
0.615 
0.618 
0.615 
0.615 
0.614 
0.612 
0.614 
0.610 
0.613 
0.613 
0.612 
0.614 
0.616 
0.613 
0.616 
0.620 
0.618 
0.615 
0.615 
0.611 
0.609 
0.615 
0.613 
0.609 
0.617 
0.610 
0.607 
0.611 
0.614 
0.614 
0.613 
0.612 
0.614 
0.618 
0.622 
0.618 
0.617 
0.615 
0.611 
0.611 
0.613 
0.616 
0.615 
0.618 
0.621 
0.621 
0.621 
0.624 
0.628 
0.620 
0.620 
0.616 
0.617 
0.617 
0.615 
0.613 
0.614 
0.613 
0.610 
0.609 
0.622 
0.628 
0.620 
0.610 
0.616 
0.617 
0.613 
0.614 
0.607 
0.610 
0.613 
0.609 
0.609 
0.608 
0.606 
0.614 
0.612 
0.617 
