0.737 
0.737 
0.751 
0.763 
0.793 
0.811 
0.813 
0.808 
0.804 
0.794 
0.781 
0.790 
0.778 
0.761 
0.789 
0.775 
0.775 
0.783 
0.750 
0.780 
0.776 
0.788 
0.778 
0.779 
0.780 
0.769 
0.772 
0.756 
0.775 
0.777 
0.773 
0.776 
0.783 
0.785 
0.783 
0.788 
0.785 
0.770 
0.778 
0.785 
0.752 
0.777 
0.762 
0.780 
0.774 
0.760 
0.734 
0.784 
0.778 
0.772 
0.763 
0.778 
0.772 
0.779 
0.774 
0.778 
0.777 
0.785 
0.774 
0.774 
0.758 
0.752 
0.754 
0.754 
0.748 
0.774 
0.746 
0.730 
0.758 
0.764 
0.764 
0.791 
0.793 
0.740 
0.764 
0.747 
0.772 
0.771 
0.766 
0.787 
0.755 
0.781 
0.771 
0.759 
0.785 
0.762 
0.783 
0.769 
0.715 
0.719 
0.787 
0.735 
0.774 
0.740 
0.760 
0.769 
0.732 
0.748 
0.730 
0.745 
0.720 
0.763 
0.745 
0.757 
0.779 
0.746 
0.779 
0.737 
0.734 
0.744 
0.743 
0.756 
0.832 
0.830 
0.837 
0.829 
0.826 
0.818 
0.818 
0.823 
0.821 
0.818 
0.814 
0.819 
0.815 
0.822 
0.831 
0.835 
0.836 
0.821 
0.821 
0.833 
0.853 
0.851 
0.859 
0.842 
0.844 
0.848 
0.868 
0.854 
0.866 
0.830 
0.848 
0.855 
0.860 
0.864 
0.850 
0.859 
0.858 
0.850 
0.875 
0.863 
0.871 
0.867 
0.853 
0.859 
0.858 
0.854 
0.865 
0.870 
0.872 
0.875 
0.866 
0.859 
0.864 
0.868 
0.853 
0.856 
0.839 
0.854 
0.848 
0.853 
0.852 
0.842 
0.853 
0.859 
0.860 
0.861 
0.857 
0.830 
0.837 
0.839 
0.852 
0.849 
0.841 
0.852 
0.859 
0.842 
0.853 
0.857 
0.856 
0.860 
0.851 
0.866 
0.859 
0.854 
0.850 
0.855 
0.853 
0.834 
0.843 
0.828 
0.842 
0.838 
0.830 
0.837 
0.857 
0.842 
0.863 
0.856 
0.840 
0.843 
0.863 
0.841 
0.854 
0.832 
0.847 
0.840 
0.848 
0.843 
0.850 
0.838 
0.843 
0.836 
0.839 
0.833 
0.832 
0.844 
0.847 
0.843 
0.817 
0.839 
0.839 
0.836 
0.828 
0.834 
0.819 
0.812 
0.822 
0.835 
0.821 
0.827 
0.829 
0.829 
0.831 
0.848 
0.813 
0.810 
0.840 
0.826 
0.818 
0.837 
0.824 
0.829 
0.842 
0.845 
0.826 
0.824 
0.826 
0.834 
0.822 
0.811 
