0.742 
0.769 
0.757 
0.775 
0.777 
0.783 
0.787 
0.782 
0.791 
0.804 
0.801 
0.802 
0.810 
0.811 
0.797 
0.813 
0.813 
0.808 
0.812 
0.813 
0.806 
0.819 
0.820 
0.827 
0.821 
0.823 
0.828 
0.824 
0.816 
0.822 
0.824 
0.828 
0.825 
0.825 
0.815 
0.824 
0.824 
0.825 
0.823 
0.823 
0.825 
0.822 
0.828 
0.823 
0.830 
0.832 
0.831 
0.831 
0.832 
0.828 
0.831 
0.829 
0.830 
0.827 
0.820 
0.826 
0.824 
0.828 
0.827 
0.834 
0.831 
0.832 
0.835 
0.829 
0.830 
0.834 
0.830 
0.830 
0.835 
0.832 
0.827 
0.827 
0.833 
0.834 
0.834 
0.834 
0.825 
0.830 
0.834 
0.834 
0.831 
0.827 
0.830 
0.831 
0.829 
0.830 
0.825 
0.827 
0.830 
0.823 
0.823 
0.825 
0.824 
0.824 
0.833 
0.831 
0.831 
0.821 
0.827 
0.824 
0.832 
0.831 
0.831 
0.826 
0.828 
0.832 
0.831 
0.835 
0.835 
0.837 
0.833 
0.822 
0.835 
0.836 
0.833 
0.831 
0.828 
0.824 
0.827 
0.830 
0.830 
0.823 
0.829 
0.829 
0.829 
0.827 
0.821 
0.833 
0.832 
0.825 
0.833 
0.833 
0.828 
0.833 
0.830 
0.834 
0.838 
0.833 
0.838 
0.838 
0.835 
0.836 
0.834 
0.837 
0.836 
0.833 
0.830 
0.827 
0.833 
0.841 
0.839 
0.842 
0.839 
0.839 
0.841 
0.837 
0.838 
0.837 
0.833 
0.831 
0.838 
0.835 
0.837 
0.841 
0.837 
0.834 
0.836 
0.835 
0.837 
0.835 
0.844 
0.845 
0.841 
0.842 
0.836 
0.834 
0.842 
0.838 
0.838 
0.838 
0.838 
0.832 
0.833 
0.834 
0.842 
0.848 
0.848 
0.843 
0.844 
0.843 
0.837 
0.840 
0.836 
0.841 
0.842 
0.844 
0.841 
0.842 
0.842 
0.847 
0.843 
0.843 
0.842 
0.841 
0.844 
0.846 
0.847 
0.844 
0.844 
0.852 
0.848 
0.843 
0.841 
0.838 
0.839 
0.842 
0.845 
0.846 
0.842 
0.842 
0.840 
0.836 
0.831 
0.836 
0.843 
0.851 
0.851 
0.845 
0.844 
0.838 
0.842 
0.838 
0.842 
0.841 
0.838 
0.842 
0.839 
0.839 
0.843 
0.837 
0.835 
0.835 
0.841 
0.831 
0.833 
0.841 
0.847 
0.845 
0.845 
0.846 
0.849 
0.853 
0.843 
0.842 
0.838 
0.837 
0.844 
0.839 
0.837 
0.841 
0.845 
0.846 
0.847 
0.844 
0.843 
0.841 
0.848 
0.846 
0.843 
0.839 
0.845 
0.840 
0.838 
0.845 
0.847 
0.847 
0.845 
0.843 
0.846 
0.838 
0.841 
0.836 
0.835 
0.839 
0.840 
0.833 
0.843 
0.848 
0.849 
0.848 
0.845 
0.846 
0.845 
0.847 
0.845 
0.842 
0.843 
0.847 
0.846 
0.850 
0.849 
0.853 
0.850 
0.850 
0.850 
0.847 
0.853 
0.851 
0.851 
0.851 
0.850 
0.847 
0.851 
0.854 
0.857 
0.842 
0.844 
0.845 
0.851 
0.851 
0.846 
0.848 
0.844 
0.837 
0.846 
0.849 
0.842 
0.845 
0.852 
0.850 
0.849 
0.852 
0.841 
0.846 
0.846 
0.848 
0.848 
0.847 
0.838 
0.841 
0.842 
0.846 
0.850 
0.846 
0.846 
0.845 
0.845 
0.849 
0.846 
0.851 
0.847 
0.851 
0.851 
0.844 
0.846 
0.850 
0.845 
0.847 
0.837 
0.848 
0.843 
0.850 
0.846 
0.847 
0.849 
0.846 
0.854 
0.847 
0.843 
0.845 
0.844 
0.846 
0.849 
0.856 
0.850 
0.856 
0.856 
0.848 
0.854 
0.847 
0.855 
0.852 
0.852 
0.848 
0.849 
0.848 
0.846 
0.847 
0.846 
0.853 
0.849 
0.855 
0.850 
0.848 
0.849 
0.845 
0.848 
0.848 
0.844 
0.847 
0.846 
0.840 
0.854 
0.853 
0.859 
0.858 
0.854 
0.854 
0.849 
0.841 
0.845 
0.841 
0.846 
0.848 
0.849 
0.844 
0.845 
0.845 
0.849 
0.844 
0.841 
0.853 
0.850 
0.848 
0.850 
0.852 
0.846 
0.846 
0.845 
0.851 
0.845 
0.842 
0.842 
0.844 
0.850 
0.852 
0.847 
0.846 
0.845 
0.852 
0.848 
0.848 
0.849 
0.846 
0.848 
0.848 
0.847 
0.842 
0.843 
0.838 
0.846 
0.838 
0.839 
0.847 
0.854 
0.843 
0.842 
0.847 
0.844 
0.847 
0.852 
0.854 
0.853 
0.852 
0.853 
0.853 
0.847 
0.847 
0.843 
0.841 
0.831 
0.842 
0.854 
0.845 
0.844 
0.849 
0.847 
0.849 
0.850 
0.848 
0.843 
0.845 
0.839 
0.840 
0.845 
0.843 
0.850 
0.841 
0.839 
0.840 
0.837 
0.845 
0.841 
0.846 
0.846 
0.840 
0.845 
0.855 
0.849 
0.844 
0.843 
0.847 
0.849 
0.850 
0.851 
