0.737 
0.737 
0.751 
0.763 
0.793 
0.811 
0.813 
0.808 
0.804 
0.794 
0.781 
0.790 
0.778 
0.761 
0.789 
0.775 
0.775 
0.783 
0.750 
0.780 
0.776 
0.788 
0.778 
0.779 
0.780 
0.769 
0.772 
0.756 
0.775 
0.777 
0.773 
0.776 
0.783 
0.785 
0.783 
0.788 
0.785 
0.770 
0.778 
0.785 
0.752 
0.777 
0.762 
0.780 
0.774 
0.760 
0.734 
0.784 
0.778 
0.772 
0.763 
0.778 
0.772 
0.779 
0.774 
0.778 
0.777 
0.785 
0.774 
0.774 
0.758 
0.752 
0.754 
0.754 
0.748 
0.774 
0.746 
0.730 
0.758 
0.764 
0.764 
0.791 
0.793 
0.740 
0.764 
0.747 
0.772 
0.771 
0.766 
0.787 
0.755 
0.781 
0.771 
0.759 
0.785 
0.762 
0.783 
0.769 
0.715 
0.719 
0.787 
0.735 
0.774 
0.740 
0.760 
0.769 
0.732 
0.748 
0.730 
0.745 
0.720 
0.763 
0.745 
0.757 
0.779 
0.746 
0.779 
