0.674 
0.685 
0.687 
0.682 
0.689 
0.693 
0.702 
0.710 
0.710 
0.716 
0.713 
0.723 
0.732 
0.732 
0.747 
0.750 
0.750 
0.755 
0.757 
0.769 
0.772 
0.763 
0.766 
0.769 
0.767 
0.784 
0.780 
0.787 
0.776 
0.782 
0.776 
0.779 
0.784 
0.787 
0.781 
0.790 
0.790 
0.789 
0.779 
0.790 
0.791 
0.794 
0.789 
0.801 
0.786 
0.797 
0.797 
0.801 
0.799 
0.809 
0.807 
0.802 
0.818 
0.809 
0.808 
0.811 
0.813 
0.812 
0.803 
0.809 
0.800 
0.798 
0.805 
0.808 
0.799 
0.813 
0.807 
0.813 
0.819 
0.810 
0.827 
0.821 
0.812 
0.821 
0.828 
0.822 
0.812 
0.826 
0.815 
0.808 
0.810 
0.827 
0.819 
0.822 
0.826 
0.822 
0.825 
0.830 
0.825 
0.831 
0.825 
0.831 
0.829 
0.834 
0.834 
0.833 
0.835 
0.834 
0.828 
0.822 
0.834 
0.828 
0.839 
0.836 
0.841 
0.840 
0.841 
0.833 
0.834 
0.827 
0.825 
0.833 
0.837 
0.840 
0.835 
0.839 
0.839 
0.841 
0.841 
0.849 
0.850 
0.836 
0.844 
0.833 
0.849 
0.842 
0.838 
0.837 
0.836 
0.833 
0.841 
0.840 
0.844 
0.838 
0.838 
0.844 
0.837 
0.835 
0.840 
0.835 
0.843 
0.849 
0.839 
0.840 
0.837 
0.850 
0.839 
0.849 
0.842 
0.848 
0.843 
0.841 
0.838 
0.844 
0.843 
0.847 
0.852 
0.847 
0.838 
0.834 
0.832 
0.838 
0.844 
0.831 
0.840 
0.836 
0.839 
0.842 
0.836 
0.839 
0.830 
0.843 
0.834 
0.848 
0.841 
0.843 
0.849 
0.844 
0.842 
0.851 
0.839 
0.847 
0.844 
0.838 
0.838 
0.844 
0.845 
0.834 
0.842 
0.841 
0.842 
0.839 
0.846 
0.842 
0.840 
0.842 
0.836 
0.837 
0.846 
0.844 
0.846 
0.838 
0.845 
0.836 
0.842 
0.837 
0.843 
0.841 
0.846 
0.849 
0.849 
0.849 
0.838 
0.845 
0.831 
0.846 
0.841 
0.843 
0.839 
0.844 
0.851 
0.842 
0.843 
0.841 
0.834 
0.825 
0.838 
0.840 
0.833 
0.831 
0.833 
0.843 
0.842 
0.831 
0.832 
0.832 
0.835 
0.832 
0.841 
0.835 
0.840 
0.838 
0.839 
0.834 
0.845 
0.844 
0.840 
0.836 
0.843 
0.835 
0.843 
0.840 
0.838 
0.842 
0.843 
0.836 
0.838 
