0.737 
0.737 
0.751 
0.763 
0.793 
0.811 
0.813 
0.808 
0.804 
0.794 
0.781 
0.790 
0.778 
0.761 
0.789 
0.775 
0.775 
0.783 
0.750 
0.780 
0.776 
0.788 
0.778 
0.779 
0.780 
0.769 
0.772 
0.756 
0.775 
0.777 
0.773 
0.776 
0.783 
0.785 
0.783 
0.788 
0.785 
0.770 
0.778 
0.785 
0.752 
0.777 
0.762 
0.780 
0.774 
0.760 
0.734 
0.784 
0.778 
0.772 
0.763 
0.778 
0.772 
0.779 
0.774 
0.778 
0.777 
0.785 
0.774 
0.774 
0.758 
0.752 
0.754 
0.754 
0.748 
0.774 
0.746 
0.730 
0.758 
0.764 
0.764 
0.791 
0.793 
0.740 
0.764 
0.747 
0.772 
0.771 
0.766 
0.787 
0.755 
0.781 
0.771 
0.759 
0.785 
0.762 
0.783 
0.769 
0.715 
0.719 
0.787 
0.735 
0.774 
0.740 
0.760 
0.769 
0.732 
0.748 
0.730 
0.745 
0.720 
0.763 
0.745 
0.757 
0.779 
0.746 
0.779 
0.737 
0.734 
0.744 
0.743 
0.756 
0.832 
0.830 
0.837 
0.829 
0.826 
0.818 
0.818 
0.823 
0.821 
0.818 
0.814 
0.819 
0.815 
0.822 
0.831 
0.835 
0.836 
0.821 
0.821 
0.833 
0.853 
0.851 
0.859 
0.842 
0.844 
0.848 
0.868 
0.854 
0.866 
0.830 
0.848 
0.855 
0.860 
0.864 
0.850 
0.859 
0.858 
0.850 
0.875 
0.863 
0.871 
0.867 
0.853 
0.859 
0.858 
0.854 
0.865 
0.870 
0.872 
0.875 
0.866 
0.859 
0.864 
0.868 
0.853 
0.856 
0.839 
0.854 
0.848 
0.853 
0.852 
0.842 
0.853 
0.859 
0.860 
0.861 
0.857 
0.830 
0.837 
0.839 
0.852 
0.849 
0.841 
0.852 
0.859 
0.842 
0.853 
0.857 
0.856 
0.860 
0.851 
0.866 
0.859 
0.854 
0.850 
0.855 
0.853 
0.834 
0.843 
0.828 
0.842 
0.838 
0.830 
0.837 
0.857 
0.842 
0.863 
0.856 
0.840 
0.843 
0.863 
0.841 
0.854 
0.832 
0.847 
0.840 
0.848 
0.843 
0.850 
0.838 
0.843 
0.836 
0.839 
0.833 
0.832 
0.844 
0.847 
0.843 
0.817 
0.839 
0.839 
0.836 
0.828 
0.834 
0.819 
0.812 
0.822 
0.835 
0.821 
0.827 
0.829 
0.829 
0.831 
0.848 
0.813 
0.810 
0.840 
0.826 
0.818 
0.837 
0.824 
0.829 
0.842 
0.845 
0.826 
0.824 
0.826 
0.834 
0.822 
0.811 
0.741 
0.757 
0.770 
0.765 
0.774 
0.778 
0.775 
0.775 
0.780 
0.778 
0.784 
0.791 
0.793 
0.800 
0.799 
0.806 
0.798 
0.805 
0.809 
0.810 
0.808 
0.816 
0.812 
0.810 
0.810 
0.819 
0.809 
0.812 
0.823 
0.812 
0.818 
0.813 
0.819 
0.820 
0.817 
0.822 
0.816 
0.814 
0.818 
0.820 
0.813 
0.813 
0.818 
0.817 
0.818 
0.820 
0.823 
0.823 
0.825 
0.821 
0.820 
0.822 
0.822 
0.822 
0.826 
0.825 
0.821 
0.826 
0.822 
0.821 
0.825 
0.827 
0.828 
0.815 
0.823 
0.818 
0.822 
0.828 
0.830 
0.820 
0.826 
0.825 
0.827 
0.828 
0.830 
0.830 
0.826 
0.830 
0.830 
0.823 
0.825 
0.824 
0.828 
0.832 
0.826 
0.827 
0.831 
0.827 
0.833 
0.826 
0.825 
0.826 
0.832 
0.831 
0.822 
0.826 
0.827 
0.822 
0.820 
0.824 
0.830 
0.829 
0.832 
0.831 
0.833 
0.836 
0.828 
0.833 
0.831 
0.828 
0.832 
0.835 
0.836 
0.831 
0.834 
0.828 
0.834 
0.837 
0.832 
0.833 
0.831 
0.840 
0.833 
0.827 
0.832 
0.836 
0.845 
0.843 
0.835 
0.833 
0.838 
0.842 
0.835 
0.840 
0.832 
0.839 
0.834 
0.826 
0.830 
0.829 
0.832 
0.836 
0.836 
0.833 
0.832 
0.830 
0.836 
0.826 
0.822 
0.833 
0.833 
0.827 
0.832 
0.834 
0.826 
0.829 
0.834 
0.833 
0.833 
0.832 
0.839 
0.836 
0.840 
0.839 
0.829 
0.838 
0.834 
0.835 
0.833 
0.832 
0.849 
0.838 
0.841 
0.835 
0.835 
0.825 
0.831 
0.827 
0.841 
0.832 
0.826 
0.838 
0.838 
0.835 
0.840 
0.834 
0.830 
0.828 
0.823 
0.826 
0.833 
0.828 
0.834 
0.827 
0.831 
0.820 
0.829 
0.837 
0.837 
0.831 
0.834 
0.837 
0.833 
0.830 
0.830 
0.836 
0.826 
0.826 
0.828 
0.827 
0.831 
0.824 
0.828 
0.832 
0.838 
0.834 
0.842 
0.834 
0.835 
0.834 
0.825 
0.824 
0.826 
0.830 
0.829 
0.830 
0.830 
0.827 
0.828 
0.836 
0.820 
0.824 
0.827 
0.827 
0.819 
0.808 
0.836 
0.823 
0.822 
0.821 
0.827 
0.832 
0.824 
0.831 
0.835 
0.826 
0.818 
0.822 
0.821 
0.819 
0.821 
0.816 
0.819 
0.820 
0.831 
0.818 
0.820 
0.823 
0.831 
0.827 
0.823 
0.822 
0.816 
0.817 
0.814 
0.820 
0.817 
0.826 
0.825 
0.824 
0.821 
0.716 
0.716 
0.704 
0.711 
0.706 
0.718 
0.723 
0.731 
0.738 
0.744 
0.750 
0.749 
0.746 
0.754 
0.751 
0.748 
0.748 
0.736 
0.733 
0.736 
0.733 
0.735 
0.766 
0.718 
0.720 
0.745 
0.736 
0.740 
0.735 
0.737 
0.740 
0.738 
0.748 
0.760 
0.755 
0.779 
0.770 
0.750 
0.755 
0.759 
0.778 
0.779 
0.744 
0.773 
0.782 
0.765 
0.757 
0.764 
0.769 
0.768 
0.752 
0.798 
0.769 
0.764 
0.768 
0.767 
0.777 
0.765 
0.790 
0.753 
0.775 
0.766 
0.766 
0.762 
0.776 
0.768 
0.774 
0.775 
0.778 
0.766 
0.776 
0.756 
0.768 
0.768 
0.781 
0.781 
0.757 
0.763 
0.788 
0.765 
0.768 
0.769 
0.778 
0.766 
0.770 
0.773 
0.779 
0.784 
0.787 
0.778 
0.772 
0.771 
0.797 
0.797 
0.769 
0.792 
0.793 
0.808 
0.792 
0.782 
0.789 
0.780 
0.775 
0.792 
0.761 
0.773 
0.780 
0.781 
0.773 
0.781 
0.767 
0.769 
0.764 
0.779 
0.782 
0.776 
0.778 
0.765 
0.778 
0.787 
0.772 
0.756 
0.777 
0.748 
0.724 
0.791 
0.777 
0.770 
0.788 
0.765 
0.775 
0.774 
0.777 
0.765 
0.769 
0.787 
0.785 
0.764 
0.773 
0.772 
0.765 
0.764 
0.775 
0.785 
0.785 
0.773 
0.783 
0.765 
0.766 
0.772 
0.774 
0.778 
0.798 
0.786 
0.777 
0.794 
0.795 
0.796 
0.795 
0.787 
0.761 
0.779 
0.798 
0.787 
0.787 
0.797 
0.785 
0.793 
0.788 
0.770 
0.775 
0.773 
0.780 
0.773 
0.759 
0.755 
0.769 
0.776 
0.750 
0.764 
0.734 
0.765 
0.780 
0.761 
0.741 
0.759 
0.781 
0.752 
0.742 
0.758 
0.750 
0.776 
0.783 
0.765 
0.771 
0.806 
0.789 
0.797 
0.574 
0.587 
0.596 
0.603 
0.602 
0.621 
0.646 
0.639 
0.661 
0.659 
0.664 
0.661 
0.663 
0.662 
0.656 
0.665 
0.660 
0.660 
0.657 
0.661 
0.660 
0.660 
0.658 
0.656 
0.659 
0.657 
0.655 
0.658 
0.657 
0.652 
0.662 
0.655 
0.661 
0.658 
0.659 
0.662 
0.654 
0.654 
0.663 
0.660 
0.657 
0.658 
0.636 
0.660 
0.665 
0.661 
0.661 
0.653 
0.659 
0.659 
0.664 
0.660 
0.659 
0.662 
0.659 
0.669 
0.662 
0.658 
0.651 
0.651 
0.657 
0.657 
0.654 
0.658 
0.655 
0.650 
0.648 
0.656 
0.644 
0.664 
0.643 
0.656 
0.651 
0.661 
0.656 
0.654 
0.657 
0.668 
0.660 
0.655 
0.638 
0.654 
0.662 
0.661 
0.658 
0.659 
0.650 
0.652 
0.661 
0.657 
0.662 
0.654 
0.667 
0.664 
0.662 
0.639 
0.634 
0.626 
0.640 
0.654 
0.645 
0.652 
0.660 
0.654 
0.650 
0.658 
0.661 
0.662 
0.656 
0.648 
0.654 
0.660 
0.665 
0.663 
0.661 
0.657 
0.657 
0.662 
0.666 
0.666 
0.659 
0.668 
0.660 
0.667 
0.661 
0.671 
0.680 
0.674 
0.671 
0.676 
0.669 
0.677 
0.675 
0.669 
0.671 
0.667 
0.664 
0.656 
0.671 
0.665 
0.666 
0.671 
0.660 
0.670 
0.677 
0.673 
0.666 
0.671 
0.666 
0.682 
0.681 
0.677 
0.668 
0.674 
0.672 
0.661 
0.669 
0.669 
0.675 
0.674 
0.679 
0.681 
0.677 
0.679 
0.679 
0.669 
0.677 
0.666 
0.666 
0.677 
0.673 
0.669 
0.655 
0.668 
0.670 
0.684 
0.684 
0.674 
0.681 
0.684 
0.675 
0.676 
0.684 
0.668 
0.671 
0.677 
0.679 
0.677 
0.689 
0.675 
0.677 
0.681 
0.672 
0.680 
0.680 
0.684 
0.680 
0.681 
0.683 
0.686 
0.681 
0.672 
0.668 
0.680 
0.677 
0.668 
0.677 
0.679 
0.671 
0.665 
0.670 
0.684 
0.682 
0.674 
0.657 
0.681 
0.682 
0.679 
0.681 
0.671 
0.678 
0.668 
0.677 
0.668 
0.670 
0.665 
0.678 
0.681 
0.688 
0.676 
0.683 
0.677 
0.664 
0.675 
0.674 
0.669 
0.671 
0.682 
0.660 
0.669 
0.671 
0.664 
0.669 
0.671 
0.674 
0.668 
0.673 
0.681 
0.674 
0.670 
0.682 
0.677 
0.675 
0.667 
0.674 
0.675 
0.681 
0.676 
0.674 
0.675 
0.683 
0.681 
0.676 
0.669 
0.673 
0.672 
0.666 
0.671 
0.672 
0.666 
0.685 
0.686 
0.674 
0.674 
0.674 
0.670 
0.677 
0.675 
0.674 
0.686 
0.677 
0.693 
0.690 
0.678 
0.676 
0.681 
0.678 
0.682 
0.687 
0.693 
0.695 
0.690 
0.699 
0.684 
0.684 
0.676 
0.670 
0.682 
0.687 
0.686 
0.690 
0.691 
0.694 
0.693 
0.688 
0.675 
0.685 
0.673 
0.681 
0.681 
0.676 
0.668 
0.683 
0.681 
0.674 
0.668 
0.663 
0.670 
0.678 
0.675 
0.673 
0.687 
0.680 
0.674 
0.688 
0.679 
0.685 
0.682 
0.678 
0.668 
0.689 
0.691 
0.687 
0.684 
0.684 
0.675 
0.682 
0.673 
0.672 
0.678 
0.678 
0.676 
0.672 
0.675 
0.668 
0.675 
0.678 
0.667 
0.666 
0.672 
0.679 
0.669 
0.675 
0.668 
0.678 
0.673 
0.666 
0.665 
0.671 
0.662 
0.666 
0.659 
0.661 
0.676 
0.682 
0.689 
0.677 
0.676 
0.679 
0.684 
0.673 
0.671 
0.677 
0.686 
0.685 
0.673 
0.685 
0.668 
0.678 
0.673 
0.672 
0.661 
0.676 
0.674 
0.673 
0.688 
0.682 
0.685 
0.682 
0.687 
0.672 
0.684 
0.691 
0.634 
0.644 
0.642 
0.642 
0.672 
0.683 
0.688 
0.694 
0.691 
0.717 
0.736 
0.721 
0.711 
0.747 
0.731 
0.731 
0.721 
0.711 
0.711 
0.724 
0.725 
0.728 
0.710 
0.716 
0.706 
0.742 
0.734 
0.701 
0.721 
0.705 
0.698 
0.704 
0.704 
0.699 
0.690 
0.693 
0.696 
0.696 
0.698 
0.698 
0.701 
0.691 
0.683 
0.685 
0.694 
0.697 
0.704 
0.708 
0.678 
0.696 
0.683 
0.693 
0.689 
0.694 
0.695 
0.674 
0.648 
0.692 
0.689 
0.693 
0.687 
0.686 
0.695 
0.701 
0.694 
0.686 
0.690 
0.672 
0.678 
0.659 
0.672 
0.686 
0.659 
0.670 
0.678 
0.702 
0.662 
0.704 
0.687 
0.666 
0.692 
0.690 
0.711 
0.690 
0.693 
0.703 
0.726 
0.723 
0.703 
0.673 
0.676 
0.705 
0.713 
0.691 
0.680 
0.716 
0.713 
0.704 
0.696 
0.711 
0.706 
0.698 
0.700 
0.704 
0.707 
0.689 
0.713 
0.721 
0.727 
0.718 
0.718 
0.735 
0.734 
0.726 
